3.095419140893900689e+00 1.860074164410301378e+00 1.832083176525975077e+00
3.347808493726305734e+00 2.805523131431348016e+00 2.463229279572368036e+00
2.321779099667109048e+00 2.831339680841918671e+00 -3.059319148744948258e+00
6.477937610457004114e-01 2.796286908964930706e+00 -3.123213872768459520e+00
2.965703790848563948e-01 1.677257095276837529e+00 -1.556529634579986388e+00
2.711047231115812362e-01 5.280838106627389061e-01 -1.604342731271622302e+00
1.179557579631412834e+00 3.750861458581185026e-01 -2.762851721871592905e-02
2.327067482680365895e+00 2.784248044241425801e-01 1.562776045482516363e+00
2.232692316288911183e+00 1.728165805228858432e+00 1.704872289616754300e+00
4.470349383715333524e-01 1.587586639171598923e+00 -3.109174630233876968e+00
2.793694874361756786e-01 4.568507722102737589e-01 -1.544647969942000820e+00
1.223718654346657164e+00 3.319467861000955367e-01 -3.120174918991484511e-02
3.347995152300855537e+00 3.004472662714318121e-01 1.599988081098846937e+00
