3.433075453571920566e+00 2.766372365679820255e+00 1.791463112841409577e+00
2.036212073373742548e+00 2.822948273207815717e+00 -3.137515159767244821e+00
9.560127870780100734e-01 2.803267652550082811e+00 3.129957851083704057e+00
3.253619460703864319e-01 2.398355471214996815e+00 -1.585717635097065203e+00
2.561564217407581445e-01 6.952553539962997853e-01 -1.546072244980696286e+00
5.732987925468490120e-01 3.041671610137227644e-01 -3.602861998723191211e-02
2.326715215427698435e+00 3.403652678084193584e-01 1.571703700673293458e+00
2.310362775983559658e+00 1.568279301521359415e+00 1.508792237215095922e+00
2.618124535663389763e-01 1.577766367264633818e+00 -3.038327986315499274e+00
3.021737665207560042e+00 1.349786479592197885e+00 -3.121596655226778871e+00
