3.1500227198374846 1.6000009390883665 0.0007014207281373322
3.3740449222814477 2.0993463372519217 1.6485198578907796
3.371661214965143 2.7684273813697797 1.5129558891538457
0.7195428231683998 2.858862776655682 -3.1209633072139153
0.31377296240759045 2.1430606909815464 -1.6189679805664816
0.23179110613871418 1.122691195869533 -1.5773509050151822
0.2314918112425986 0.4246844932058203 -0.037247730168609924
1.9420626369801408 0.46606577011566114 -0.03397016410347473
2.3293389117422345 0.597092720779663 -0.03170842196649743
2.173228740308243 0.26610562502899165 1.4116506191183724
2.304184745601268 1.1046176529307066 1.5713739128880215
2.185907427546898 1.867504077016825 2.1880577129556253
2.239297236688371 0.6383149359545258 -1.556355814700829
2.363173789908493 0.17601702324094867 0.1080435345971988
3.2087822834554145 0.2187192838181005 0.0075950438429445676

