3.375371780069409411e+00 2.173055780965285066e+00 1.533944880373504738e+00
3.353182495500455218e+00 2.762844960073235878e+00 1.559140766497955966e+00
2.956310057283219717e+00 2.785163185047548229e+00 3.055050688903562239e+00
2.381563086940938767e+00 2.824832309264214469e+00 3.111055080171440057e+00
1.129253533043711899e+00 2.790388418984865115e+00 -3.103774432221196644e+00
4.812235202401218825e-01 2.590645711610360724e+00 -1.738050804491262147e+00
3.359740658799518775e-01 1.674209002188705053e+00 -1.713910085124170424e+00
3.068916505613289991e-01 1.158557149110566620e+00 -1.668214942013399593e+00
2.982402010712648655e-01 6.329712484302538744e-01 -1.160970635284624741e+00
7.034324210811739864e-01 3.546941478738162568e-01 7.640025160824943928e-02
1.324969923624906176e+00 3.670989096484222891e-01 5.449172930661074638e-02
2.291883399450028946e+00 3.022985657210254251e-01 2.531475641040427105e-01
2.331316282505508042e+00 1.279832409152024786e+00 1.473264961122816130e+00
1.839528796175095460e+00 1.567098756358762168e+00 3.094612291166984885e+00
1.206622226256013786e+00 1.558214039216234914e+00 3.115598537455176675e+00
2.791500113866844379e-01 1.366319975750432070e+00 -1.565697525180318017e+00
9.212723935195704650e-01 3.280464188326471797e-01 -1.229234864048222436e-01
2.670005608793199148e+00 3.409332494267900415e-01 -1.153914936294636040e-01
3.317011066169103017e+00 3.326774337460060016e-01 -2.593176911648441968e-02
3.242469592788350674e+00 9.928990002752663413e-01 2.227653851641363758e+00
2.936112240228806680e+00 1.268719083738238718e+00 2.320099074836798891e+00
3.373550975557775278e+00 2.140319470518265099e+00 1.650150591231865027e+00
