3.380754150506679601e+00 2.060722727560931666e+00 1.542113034017529527e+00
3.413092243227090705e+00 2.752672071358198913e+00 3.086321576560230540e+00
2.945473070565724605e+00 2.791161912419238611e+00 3.005633354785010258e+00
2.043927270002657615e+00 2.855928067217013311e+00 -3.050462555310002877e+00
8.567438134011158279e-01 2.793455900580270157e+00 -3.123034874355828716e+00
3.542872945805155549e-01 2.394183325557130537e+00 -1.629720243664453561e+00
2.694364061151253154e-01 1.586471104765000861e+00 -1.537451401117858829e+00
2.906141053191347301e-01 1.026292408695979486e+00 -1.580239889158559397e+00
2.802316886750321201e-01 4.682595642916734247e-01 -1.572059280360071032e+00
8.995243893371149824e-01 3.220516868244631681e-01 -2.728718354961867654e-02
